100
4
10 5 15 5
2
100 100
8
81 81 81 81 81 81 81 0
6
23 90 40 0 100 9
2
0 0
10
100 0 100 0 100 0 100 0 100 0
10
100 100 100 100 100 100 100 100 100 0
5
75 93 89 18 82
6
16 75 38 67 46 53
7
19 55 51 31 61 86 50
8
66 79 29 18 37 25 59 18
9
12 93 56 50 1 61 79 97 81
10
90 1 92 97 10 70 46 5 91 55
10
97 66 52 77 99 79 87 64 1 56
10
94 35 93 5 77 14 91 24 22 48
10
90 35 15 58 34 78 53 67 58 58
10
39 63 45 44 9 86 50 41 17 2
10
60 29 38 61 2 90 66 73 72 29
10
89 70 79 90 65 28 27 39 76 60
10
10 73 72 53 40 71 63 9 50 4
10
7 96 44 16 4 26 11 34 28 36
10
22 98 84 34 0 64 69 48 13 63
10
74 30 99 22 59 87 51 39 68 68
10
57 83 39 94 68 44 71 79 67 34
10
11 76 43 73 61 5 0 22 59 55
10
32 72 93 87 54 63 4 33 86 2
10
31 73 4 57 37 96 43 4 37 88
10
53 61 41 60 78 2 26 67 44 86
10
57 22 84 4 1 64 32 80 40 81
10
92 23 33 6 22 25 10 32 65 85
10
60 31 38 34 74 74 44 33 59 58
10
72 29 40 25 17 75 94 4 25 34
10
15 78 85 83 25 91 96 54 82 17
10
44 19 43 42 22 81 31 93 38 82
10
52 79 52 36 12 34 76 16 63 54
10
68 82 98 77 87 15 84 41 32 85
10
73 70 69 46 35 99 52 59 61 12
10
7 9 68 75 12 12 69 71 96 20
10
95 78 32 30 56 19 21 68 62 24
10
64 19 40 28 38 13 8 70 73 41
10
36 28 88 57 49 87 18 52 50 81
10
25 31 71 12 46 61 37 43 82 13
10
17 94 32 25 31 90 88 40 18 33
10
95 4 38 36 29 69 6 9 83 42
10
45 71 60 99 75 45 5 8 51 71
10
63 80 71 33 66 62 28 48 25 68
10
38 15 25 76 29 61 39 52 36 1
10
74 62 17 73 76 41 80 51 81 4
10
14 80 21 9 6 8 93 33 58 43
10
26 19 22 41 22 43 36 52 6 92
10
86 58 52 57 74 26 80 45 66 4
10
13 36 82 89 98 96 42 56 62 5
10
9 31 34 25 26 63 82 94 7 68
10
43 74 59 31 13 65 58 61 4 35
10
18 75 81 59 52 16 19 78 69 21
10
98 91 59 84 4 80 14 83 48 57
10
48 16 43 16 77 49 28 63 24 41
10
77 48 3 9 16 0 20 77 96 15
10
8 30 11 8 32 7 96 83 17 29
10
45 98 23 85 3 51 24 71 43 93
10
80 5 65 40 99 65 34 59 72 63
10
3 11 91 89 30 70 7 75 81 89
10
14 20 37 98 36 50 81 88 19 18
10
53 78 74 28 47 33 88 91 25 91
10
52 31 74 13 6 86 3 75 80 54
10
16 29 25 34 35 24 48 43 63 8
10
14 83 77 72 92 36 1 22 70 47
10
54 43 27 4 29 27 55 82 94 25
10
73 73 94 81 46 67 16 26 14 41
10
62 76 41 62 35 51 59 48 65 78
10
7 64 39 14 59 90 68 43 56 8
10
27 15 71 64 9 85 59 46 10 99
10
17 2 24 77 12 20 67 9 64 20
10
97 88 90 37 20 68 83 78 27 44
10
82 36 32 62 27 70 30 23 28 26
10
56 10 18 5 57 95 57 96 96 8
10
43 92 21 32 87 81 51 14 58 82
10
97 68 78 89 0 70 11 86 56 18
10
6 69 95 32 62 6 19 88 67 73
10
46 28 34 88 23 10 37 37 89 7
10
99 0 92 7 84 62 36 72 62 2
10
29 61 13 29 10 62 96 75 14 3
10
12 21 38 68 91 73 99 31 63 13
10
6 59 97 99 8 11 37 87 84 68
10
57 44 37 1 79 71 96 27 28 15
10
2 57 21 8 53 70 15 17 32 90
10
71 72 92 49 32 9 40 86 77 81
10
81 33 90 75 61 54 80 5 79 28
10
19 50 17 82 31 87 76 88 92 92
10
80 83 53 46 1 77 79 29 73 67
10
47 93 44 15 63 91 14 60 16 27
10
25 99 66 48 17 85 24 30 16 44
10
52 50 81 11 33 2 69 3 3 34
10
26 41 0 63 89 11 89 37 55 96
10
17 92 80 85 88 65 87 82 7 60
10
19 7 59 1 90 57 88 14 50 66
10
55 2 56 99 18 73 48 61 73 81
10
46 53 78 11 24 0 79 19 51 89
10
18 69 21 49 86 19 85 56 16 44
10
76 67 71 39 71 87 2 77 40 7
